Slitdefocus MidFiber ExtremeFiber - 89 mm
-1.95000 0.03083 0.02485
-1.90000 0.03271 0.02634
-1.85000 0.03471 0.02725
-1.80000 0.03679 0.02917
-1.75000 0.03897 0.03079
-1.70000 0.04068 0.03231
-1.65000 0.04292 0.03351
-1.60000 0.04578 0.03539
-1.55000 0.04811 0.03683
-1.50000 0.05022 0.03824
-1.45000 0.05271 0.03987
-1.40000 0.05616 0.04228
-1.35000 0.06025 0.04486
-1.30000 0.06421 0.04694
-1.25000 0.06919 0.04988
-1.20000 0.07455 0.05263
-1.15000 0.07984 0.05623
-1.10000 0.08642 0.06030
-1.05000 0.09341 0.06531
-1.00000 0.10097 0.07019
-0.95000 0.10878 0.07613
-0.90000 0.11873 0.08145
-0.85000 0.12930 0.08756
-0.80000 0.14106 0.09484
-0.75000 0.15416 0.10315
-0.70000 0.16838 0.11190
-0.65000 0.18326 0.12256
-0.60000 0.20163 0.13310
-0.55000 0.22345 0.14544
-0.50000 0.24621 0.15905
-0.45000 0.27476 0.17481
-0.40000 0.30136 0.19490
-0.35000 0.33668 0.21465
-0.30000 0.37439 0.23514
-0.25000 0.41460 0.26254
-0.20000 0.45847 0.29443
-0.15000 0.50138 0.32725
-0.10000 0.54270 0.36185
-0.05000 0.58980 0.39548
0.00000 0.63155 0.43470
0.05000 0.67145 0.47610
0.10000 0.70530 0.51962
0.15000 0.73268 0.56363
0.20000 0.75067 0.60702
0.25000 0.75391 0.64412
0.30000 0.74665 0.67733
0.35000 0.72200 0.70210
0.40000 0.68410 0.71937
0.45000 0.63662 0.72649
0.50000 0.58756 0.71531
0.55000 0.53748 0.69207
0.60000 0.48729 0.66312
0.65000 0.44053 0.62851
0.70000 0.39658 0.58904
0.75000 0.35197 0.54211
0.80000 0.30862 0.49493
0.85000 0.26985 0.45023
0.90000 0.23353 0.40529
0.95000 0.19796 0.36386
1.00000 0.16537 0.31712
1.05000 0.13830 0.27591
1.10000 0.11741 0.23802
1.15000 0.10175 0.20431
1.20000 0.09076 0.17736
1.25000 0.08140 0.15072
1.30000 0.07388 0.12865
1.35000 0.06786 0.10971
1.40000 0.06228 0.09390
1.45000 0.05812 0.08349
1.50000 0.05472 0.07429
1.55000 0.05067 0.06739
1.60000 0.04847 0.06244
1.65000 0.04574 0.05694
1.70000 0.04284 0.05367
1.75000 0.04030 0.05092
1.80000 0.03771 0.04767
1.85000 0.03548 0.04513
1.90000 0.03369 0.04244
1.95000 0.03161 0.03967
