Slitdefocus MidFiber ExtremeFiber - 79 mm
-2.00000 0.03906 0.03179
-1.95000 0.04051 0.03313
-1.90000 0.04341 0.03505
-1.85000 0.04607 0.03671
-1.80000 0.04850 0.03944
-1.75000 0.05172 0.04104
-1.70000 0.05413 0.04321
-1.65000 0.05687 0.04522
-1.60000 0.06020 0.04691
-1.55000 0.06345 0.04889
-1.50000 0.06611 0.05155
-1.45000 0.07012 0.05443
-1.40000 0.07424 0.05658
-1.35000 0.08038 0.05972
-1.30000 0.08532 0.06245
-1.25000 0.09182 0.06630
-1.20000 0.09880 0.07100
-1.15000 0.10609 0.07711
-1.10000 0.11395 0.08234
-1.05000 0.12414 0.08661
-1.00000 0.13383 0.09378
-0.95000 0.14491 0.10124
-0.90000 0.15806 0.10977
-0.85000 0.17224 0.11933
-0.80000 0.18820 0.12778
-0.75000 0.20540 0.13941
-0.70000 0.22357 0.15137
-0.65000 0.24333 0.16540
-0.60000 0.26746 0.17975
-0.55000 0.29772 0.19639
-0.50000 0.32719 0.21562
-0.45000 0.36164 0.23852
-0.40000 0.39457 0.26395
-0.35000 0.43235 0.29115
-0.30000 0.47146 0.31600
-0.25000 0.50855 0.34898
-0.20000 0.54937 0.38511
-0.15000 0.58894 0.42158
-0.10000 0.62486 0.45459
-0.05000 0.66395 0.48976
0.00000 0.69766 0.52931
0.05000 0.72696 0.56748
0.10000 0.75090 0.60555
0.15000 0.76539 0.64437
0.20000 0.76847 0.68026
0.25000 0.75620 0.70769
0.30000 0.73654 0.72755
0.35000 0.70323 0.74300
0.40000 0.66387 0.75143
0.45000 0.62053 0.74401
0.50000 0.57889 0.72093
0.55000 0.53495 0.69079
0.60000 0.49061 0.65962
0.65000 0.45070 0.62277
0.70000 0.41334 0.58311
0.75000 0.37485 0.54143
0.80000 0.33509 0.49917
0.85000 0.29868 0.45860
0.90000 0.26798 0.41921
0.95000 0.23641 0.38254
1.00000 0.20544 0.34264
1.05000 0.17808 0.30507
1.10000 0.15580 0.27259
1.15000 0.13511 0.24013
1.20000 0.12038 0.21209
1.25000 0.10857 0.18617
1.30000 0.09879 0.16190
1.35000 0.09001 0.14305
1.40000 0.08308 0.12474
1.45000 0.07700 0.11064
1.50000 0.07240 0.09971
1.55000 0.06717 0.09031
1.60000 0.06399 0.08262
1.65000 0.06055 0.07703
1.70000 0.05702 0.07216
1.75000 0.05343 0.06795
1.80000 0.05024 0.06373
1.85000 0.04794 0.05947
1.90000 0.04466 0.05647
1.95000 0.04238 0.05288
