Slitdefocus MidFiber ExtremeFiber - 100 mm
-2.00000 0.02426 0.01941
-1.95000 0.02540 0.02025
-1.90000 0.02691 0.02104
-1.85000 0.02871 0.02217
-1.80000 0.03021 0.02351
-1.75000 0.03192 0.02485
-1.70000 0.03373 0.02654
-1.65000 0.03533 0.02755
-1.60000 0.03780 0.02901
-1.55000 0.03937 0.03011
-1.50000 0.04119 0.03103
-1.45000 0.04363 0.03212
-1.40000 0.04650 0.03385
-1.35000 0.04975 0.03647
-1.30000 0.05302 0.03863
-1.25000 0.05708 0.04093
-1.20000 0.06154 0.04313
-1.15000 0.06613 0.04619
-1.10000 0.07113 0.05012
-1.05000 0.07716 0.05341
-1.00000 0.08349 0.05785
-0.95000 0.09008 0.06250
-0.90000 0.09795 0.06566
-0.85000 0.10697 0.07120
-0.80000 0.11688 0.07717
-0.75000 0.12765 0.08366
-0.70000 0.13905 0.09109
-0.65000 0.15131 0.09992
-0.60000 0.16617 0.10785
-0.55000 0.18520 0.11770
-0.50000 0.20354 0.12771
-0.45000 0.22680 0.14088
-0.40000 0.24914 0.15691
-0.35000 0.27735 0.17245
-0.30000 0.30955 0.18995
-0.25000 0.34477 0.21250
-0.20000 0.38451 0.23739
-0.15000 0.42607 0.26434
-0.10000 0.46818 0.29472
-0.05000 0.51660 0.32767
0.00000 0.56238 0.36376
0.05000 0.60569 0.40486
0.10000 0.64578 0.44766
0.15000 0.68162 0.49143
0.20000 0.71066 0.53424
0.25000 0.72936 0.57606
0.30000 0.73699 0.61425
0.35000 0.72639 0.65066
0.40000 0.70193 0.67747
0.45000 0.66207 0.69462
0.50000 0.61499 0.69592
0.55000 0.56148 0.68556
0.60000 0.50692 0.66444
0.65000 0.45463 0.63431
0.70000 0.40476 0.60058
0.75000 0.35558 0.55496
0.80000 0.30621 0.51007
0.85000 0.26206 0.45979
0.90000 0.22047 0.41039
0.95000 0.18097 0.36518
1.00000 0.14629 0.31640
1.05000 0.11740 0.27126
1.10000 0.09818 0.22888
1.15000 0.08407 0.19356
1.20000 0.07472 0.16225
1.25000 0.06737 0.13467
1.30000 0.06091 0.11244
1.35000 0.05593 0.09318
1.40000 0.05133 0.07915
1.45000 0.04820 0.06914
1.50000 0.04505 0.06092
1.55000 0.04185 0.05545
1.60000 0.03999 0.05093
1.65000 0.03775 0.04701
1.70000 0.03519 0.04405
1.75000 0.03337 0.04183
1.80000 0.03122 0.03906
1.85000 0.02959 0.03644
1.90000 0.02765 0.03473
1.95000 0.02603 0.03255
